Args device  cpu
Type Args Device <class 'str'>
Instance input ids  [40478, 249, 1777, 485, 3229, 8095, 24752, 240, 13864, 7323, 239, 249, 1048, 246, 16121, 15860, 239, 547, 2093, 3796, 557, 246, 18202, 17949, 239, 249, 1119, 1811, 1122, 6445, 239, 40481, 3570, 655, 40480]
Type Instance input ids  <class 'list'>
Args device  cpu
Type Args Device <class 'str'>
Instance input ids  [40478, 249, 1777, 485, 3229, 8095, 24752, 240, 13864, 7323, 239, 249, 1048, 246, 16121, 15860, 239, 547, 2093, 3796, 557, 246, 18202, 17949, 239, 249, 1119, 1811, 1122, 6445, 239, 40481, 3570, 655, 40480, 2229]
Type Instance input ids  <class 'list'>
Args device  cpu
Type Args Device <class 'str'>
Instance input ids  [40478, 249, 1777, 485, 3229, 8095, 24752, 240, 13864, 7323, 239, 249, 1048, 246, 16121, 15860, 239, 547, 2093, 3796, 557, 246, 18202, 17949, 239, 249, 1119, 1811, 1122, 6445, 239, 40481, 3570, 655, 40480, 2229, 655]
Type Instance input ids  <class 'list'>
Args device  cpu
Type Args Device <class 'str'>
Instance input ids  [40478, 249, 1777, 485, 3229, 8095, 24752, 240, 13864, 7323, 239, 249, 1048, 246, 16121, 15860, 239, 547, 2093, 3796, 557, 246, 18202, 17949, 239, 249, 1119, 1811, 1122, 6445, 239, 40481, 3570, 655, 40480, 2229, 655, 718]
Type Instance input ids  <class 'list'>
Args device  cpu
Type Args Device <class 'str'>
Instance input ids  [40478, 249, 1777, 485, 3229, 8095, 24752, 240, 13864, 7323, 239, 249, 1048, 246, 16121, 15860, 239, 547, 2093, 3796, 557, 246, 18202, 17949, 239, 249, 1119, 1811, 1122, 6445, 239, 40481, 3570, 655, 40480, 2229, 655, 718, 640]
Type Instance input ids  <class 'list'>
Args device  cpu
Type Args Device <class 'str'>
Instance input ids  [40478, 249, 1777, 485, 3229, 8095, 24752, 240, 13864, 7323, 239, 249, 1048, 246, 16121, 15860, 239, 547, 2093, 3796, 557, 246, 18202, 17949, 239, 249, 1119, 1811, 1122, 6445, 239, 40481, 3570, 655, 40480, 2229, 655, 718, 640, 512]
Type Instance input ids  <class 'list'>
Args device  cpu
Type Args Device <class 'str'>
Instance input ids  [40478, 249, 1777, 485, 3229, 8095, 24752, 240, 13864, 7323, 239, 249, 1048, 246, 16121, 15860, 239, 547, 2093, 3796, 557, 246, 18202, 17949, 239, 249, 1119, 1811, 1122, 6445, 239, 40481, 3570, 655, 40480, 2229, 655, 718, 640, 512, 257]
Type Instance input ids  <class 'list'>

Instance input ids from build_input func  [40478, 249, 649, 39731, 488, 3797, 6210, 239, 249, 256, 258, 246, 11495, 16383, 239, 249, 1119, 485, 1456, 9375, 3017, 239, 547, 3898, 9375, 1105, 1258, 640, 28730, 13417, 488, 4243, 239, 40480, [3570, 655], [2229, 655, 718, 640, 512, 257], 40481, 3570, 655, 40480]
Args Device cpu
Type Args Device <class 'str'>
Instance input ids  [40478, 249, 649, 39731, 488, 3797, 6210, 239, 249, 256, 258, 246, 11495, 16383, 239, 249, 1119, 485, 1456, 9375, 3017, 239, 547, 3898, 9375, 1105, 1258, 640, 28730, 13417, 488, 4243, 239, 40480, [3570, 655], [2229, 655, 718, 640, 512, 257], 40481, 3570, 655, 40480]
